data = [0	159	49	36	68	36	57	36	18.1	37.4
1	164	62	39	73	39	55	39	16.5	38.4
0	172	65	38	75	38	58	38	19.8	31
0	167	52	37	73	37	58	37	19	31
0	164	51	36	71	36	54	36	12.3	35
0	161	67	38	71	38	56	38	19	36.4
0	168	48	39	72.5	39	54.5	39	13.4	34.6
1	181	74	43	74	43	60	43	17.7	40
1	183	74	41	79	41	59.5	41	10.9	38.9
0	158	50	36	68.5	36	57	36	11.3	32.8
0	156	65	36	68	36	58	36	18.7	36.6
1	173	64	40	79	40	56.5	40	17.4	34.5
0	158	43	36	68	36	55	36	14	31.6
1	178	74	42	75	42	59	42	13.1	39.3
1	181	76	43	83	43	57	43	16.6	32.9
1	182	91	41	83	41	59	41	17.5	33.9
1	176	73	42	78	42	58	42	13	36
0	162	68	39	72	39	59	39	15.5	37.9
0	156	52	36	67	36	56	36	10.5	30.8
0	152	45	34	66	34	55	34	10.1	37
1	181	80	43	76	43	57	43	12.5	33.8
1	173	69	41	74	41	56	41	19.3	36.6
0	155	53	36	67	36	56	36	19.6	39
1	189	87	45	82	45	61	45	19.8	35.3
0	170	70	38	73	38	56	38	12.6	33.9
1	170	67	40	77	40	58	40	16.6	31.4
0	168	56	37.5	70.5	37.5	60	37.5	18.9	39.6
0	166	56	39	68	39	57	39	13.1	30.3
1	161	59	38	70	38	50	38	11.4	31.5
1	177	80	41	80	41	61	41	15.8	39.4
0	156	58	36	70	36	56	36	11	34.8
1	160	58	36	68	36	52	36	11.6	34.6
1	164	67	38	70	38	57	38	12.1	33.4
1	164	72	38	71	38	52	38	14.7	38.3
0	156	52	34	64	34	53	34	13.7	35.6
0	148	50	34	59	34	53	34	15.3	32.7
1	165	59	38	70	38	55	38	19	37.1
0	145	52	33	58	33	52	33	16.1	30.3
0	163	58	38	70	38	53	38	18.3	34
0	154	51	35	65	35	52	35	19.2	39.7
0	158	60	36	69	36	52	36	19.3	31.9
1	175	68	42	62	42	54	42	15.7	32.5
1	170	65	39	65	39	58	39	18.3	37.6
1	185	75	42	78	42	57	42	11.5	35.6
1	160	58	37.5	74	37.5	59	37.5	16.1	33.7
1	168	67	38	73	38	58	38	20	32.4
1	172	80	39	78	39	59	39	18.6	36.4
1	175	70	38	75	38	56	38	16.6	35.7
0	167	59	36	62	36	56	36	16.2	30.4
0	160	57	37	60	37	59	37	10.5	33.3
0	158	55	35	60	35	57	35	16.4	30.5
1	180	75	39	62	39	59	39	14.6	31.9
1	179	85	40	63	40	57	40	18.6	38.5
0	168	65	36	61	36	55	36	13.6	33.8
0	160	64	36	60	36	56	36	17.4	38.8
1	170	72	38	61	38	57	38	18.3	37.6
1	177	78	39	62	39	58	39	17.9	36.2
0	167	60	37	62	37	54	37	17.4	36.1
1	175	72	38	61	38	55	38	13.8	35.2
0	165	73	36	66	36	56	36	11.1	33.4
1	175	69	39	79	39	56	39	15.5	35.5
1	165	87	40	74	40	58	40	18.3	30.4
0	165	80	37	75	37	54	37	19.3	40
1	168	72	38	74	38	57	38	16.3	31.1
0	163	70	37	70	37	58	37	10.6	33.9
1	173	82	39	74	39	58	39	13.5	34.5
0	165	75	36	69	36	55	36	17.2	36.7
1	167	75	37.5	70	37.5	53	37.5	14.2	35.3
0	163	54	37	70	37	53.5	37	15.7	38
0	154	54	36	68	36	54.5	36	11.2	34.7
1	177	80	43	81	43	57	43	16.6	34.2
1	174	80	43	77	43	57	43	11	32
1	169	65	39	74	39	56	39	15	39.2
0	158	70	37	71	37	52	37	14.1	39.9
1	160	58	38	68	38	50	38	19.1	35.8
0	159	53	35	70	35	50	35	12.4	38.8
0	155	50	35	67.5	35	54.5	35	16.7	30.8
1	179	78	39	79	39	57.5	39	14.4	38.9
1	167	52	39	71	39	57	39	13.3	33.6
1	160	47	36	66	36	52	36	11.5	36.1
0	158	67	35	51	35	53	35	18.8	32.7
0	160	69	37	47	37	53	37	12.3	31.3
0	158	93	36	43	36	56	36	16.3	37.5
1	170	74	37	60	37	57	37	12.3	34.3
1	169	67	41	55	41	57.2	41	15.5	36.1
0	160	53	36	54	36	54	36	18.4	33.6
0	156	46	35	49	35	50	35	16	30.8
1	166	53	38	52	38	55	38	10.2	34.2
1	164	50	39	54	39	56	39	19.9	35.1
1	175	70	39	75	39	54	39	13.1	34.2
0	156	87	38	64	38	52	38	16.7	36.4
0	80	20	21	31	21	44	21	19	32.4
0	160	60	37	68	37	51	37	20	39.7
1	168	65	38	68	38	54	38	13.2	36.8
0	148	53.2	24	65	24	53.5	24	14.7	36.2
1	173	68	27	70.5	27	55.5	27	10	39.3
0	157.5	58	25	69	25	58	25	19.3	33.3
1	167	58.9	37.3	66	37.3	55	37.3	17.8	37.9
0	155	62	38	68	38	54	38	15.6	37.6
1	163	69	39	78	39	59	39	18.9	39.2
0	162	90	38	72	38	58	38	14.4	35.1
1	165	73	38	71	38	54	38	17	38.5
1	173	68	40	77	40	60	40	20	36.6
0	158	56	35	67	35	53	35	16.6	35.1
1	172	68	40	68	40	58	40	10.9	35.7
0	158	49	37	68	37	57	37	10.1	35.5
1	164	62	39	73	39	55	39	13	37.9
0	172	65	38	75	38	58	38	11.8	39.4
0	167	52	37	73	37	58	37	13.8	37.9
0	164	51	36	71	36	54	36	10.7	31.2
0	161	67	38	71	38	58	38	13.4	34.8
0	168	48	39	72.5	39	54.5	39	18.5	38.4
1	181	74	43	74	43	60	43	19.6	31.5
1	183	74	41	79	41	59.5	41	12.6	39.8
0	158	50	36	68.5	36	57	36	15.5	31.5
0	156	65	36	68	36	58	36	13	36.6
1	173	64	40	79	40	56.5	40	15.2	32.9
0	158	43	36	68	36	55	36	14.3	36.3
1	178	74	42	78	42	59	42	13.9	30.8
1	181	76	43	83	43	57	43	10.6	30.6
1	182	91	41	83	41	59	41	13.2	34.7
1	176	70	42	78	42	58	42	11	34.2
0	162	68	39	72	39	59	39	11.9	38.1
0	156	52	36	67	36	56	36	16.3	31.6
0	152	45	34	66	34	55	34	15.7	30.9
1	181	80	43	76	43	57	43	17.1	31.8
1	173	69	41	74	41	56	41	11.7	30.4
0	155	53	36	67	36	56	36	11.8	33
1	189	87	45	82	45	61	45	12.5	35.8
0	170	70	38	73	38	56	38	10.6	38.2
1	170	67	40	77	40	58	40	10.5	36
0	168	56	37.5	70.5	37.5	60	37.5	14.4	31.3
0	166	56	39	68	39	57	39	10.1	33.4
1	161	59	38	70	38	50	38	13.2	36.7
1	177	80	41	82	41	61	41	17	36.9
0	156	58	36	70	36	56	36	14.6	39
1	160	58	36	68	36	52	36	10.4	34.9
1	164	67	38	70	38	57	38	15.5	30.4
1	164	72	39	71	39	52	39	10.5	39.7
0	156	52	34	64	34	54	34	13.8	35.4
0	148	50	34	59	34	53	34	13.9	36.9
1	165	59	38	70	38	55	38	19.5	31.1
0	145	52	33	58	33	52	33	10.4	35.4
0	163	58	38	70	38	53	38	14.2	31.4
0	154	51	35	65	35	52	35	19.8	35.1
0	158	60	36	69	36	52	36	11.8	34.3
1	175	68	42	62	42	54	42	12.2	31.4
1	170	65	39	65	39	58	39	12.6	37.2
1	185	75	42	78	42	57	42	18	39.2
1	160	58	37.5	74	37.5	59	37.5	13	34.2
1	168	67	38	73	38	58	38	17.3	31.7
1	172	80	39	78	39	59	39	19.6	33
1	175	70	38	75	38	56	38	16.1	34.2
0	158	59	36	62	36	56	36	19.2	33.8
0	160	57	37	60	37	59	37	13.5	30.8
0	158	55	35	60	35	57	35	15.3	31.7
1	180	75	39	62	39	59	39	16.4	35.4
1	179	85	40	63	40	58	40	18.2	33.3
0	168	65	36	61	36	55	36	18.5	39.6
0	160	64	36	61	36	56	36	17.8	34.6
1	170	72	38	61	38	57	38	18.5	38.8
1	177	78	39	62	39	58	39	17.4	30.2
0	167	60	37	62	37	54	37	11.2	36.8
1	175	73	38	61	38	55	38	19.4	32.4
0	165	73	36	66	36	56	36	19.9	31.2
1	175	69	39	79	39	56	39	17.8	31
1	165	87	40	74	40	58	40	13.2	34
0	165	80	37	75	37	54	37	11.3	32.2
1	168	72	38	74	38	57	38	11.1	34.8
0	163	70	37	70	37	58	37	17.6	31.7
1	173	82	39	74	39	58	39	10.3	31.6
0	165	75	36	69	36	55	36	19.5	33.1
1	167	75	37.5	70	37.5	53	37.5	19.4	34.5
0	163	54	37	70	37	53.5	37	11.9	38.7
0	154	54	36	68	36	54.5	36	12.9	38.4
1	177	80	43	81	43	57	43	12.5	33.8
1	174	80	43	77	43	57	43	14.2	31.5
1	169	65	39	74	39	56	39	19.6	31.1
0	158	70	37	71	37	52	37	15.3	34.4
1	160	58	38	68	38	50	38	10.6	34
0	159	53	35	70	35	50	35	18.4	30.2
0	155	50	35	67.5	35	54.5	35	14.8	38.9
1	179	78	39	79	39	57.5	39	16.8	38.9
1	167	52	39	71	39	57	39	11.1	31.6
1	160	47	36	66	36	52	36	19.7	30.3
0	158	67	36	51	36	53	36	19.1	30.9
0	160	69	37	47	37	53	37	10.4	32.2
0	158	93	36	43	36	55	36	12.6	31.6
1	170	74	37	60	37	57	37	13.2	32.9
1	169	67	41	55	41	57.2	41	17.1	38.5
0	160	53	36	54	36	54	36	11.9	39.1
0	156	46	35	49	35	50	35	13.8	35.8
1	166	53	38	52	38	55	38	17.3	38.8
1	164	50	38	54	38	56	38	12.7	33
1	175	70	39	75	39	54	39	18.5	37.5
0	156	87	38	64	38	52	38	19.7	36.6
0	80	20	21	31	21	44	21	15.3	36.5
0	160	60	37	68	37	51	37	10.5	32.5
1	168	65	38	68	38	54	38	14.1	32.1
0	148	53.2	24	65	24	53.5	24	16.3	30.2
1	173	68	27	70.5	27	55.5	27	11.1	36.8
0	157.5	58	25	69	25	58	25	19.1	38.7
1	167	58.9	37.3	66	37.3	55	37.3	11.3	37.4
0	155	62	38	68	38	54	38	13.8	34.9
1	163	69	39	78	39	59	39	18.9	32.3
0	162	90	38	72	38	58	38	16.1	33.3
1	165	73	38	71	38	54	38	18	39.5
1	173	68	40	77	40	60	40	12.2	31.1
0	158	56	35	67	35	53	35	16	39.9
1	172	68	40	68	40	58	40	18.1	32.3
0	159	49	36	68	36	57	36	14.4	37.7
1	164	62	39	73	39	55	39	10.7	30.6
0	173	65	38	75	38	58	38	13.5	39.7
0	167	52	37	73	37	58	37	17.7	30.3
0	164	51	36	71	36	55	36	16.8	39
0	162	67	38	71	38	56	38	14.9	35.1
0	168	48	39	72.5	39	54.5	39	10.9	32.1
1	181	74	43	76	43	60	43	12.8	36.6
1	183	74	41	79	41	59.5	41	14.9	32.3
0	158	50	36	68.5	36	57	36	11.4	32.3
0	156	65	36	68	36	58	36	10.6	33.1
1	173	64	41	79	41	56.5	41	19.2	32.1
0	158	43	36	68	36	55	36	15	34.4
1	178	74	42	75	42	59	42	19.8	30.7
1	181	76	43	83	43	57	43	11.9	39.2
1	182	91	41	83	41	59	41	10.2	30.9
1	176	73	42	78	42	58	42	11.3	35.8
0	162	68	39	72	39	59	39	14.5	34.2
0	156	52	36	67	36	56	36	16.8	37.6
0	152	45	34	66	34	55	34	18.7	37.9
1	181	80	43	76	43	57	43	10.7	35.1
1	173	69	41	74	41	56	41	10.4	36.6
0	155	53	36	67	36	56	36	17.3	37.5
